"tester" "activity" "data_from" "fBodyAcc-mean()-X" "fBodyAcc-mean()-Y" "fBodyAcc-mean()-Z" "fBodyAcc-std()-X" "fBodyAcc-std()-Y" "fBodyAcc-std()-Z" "fBodyGyro-mean()-X" "fBodyGyro-mean()-Y" "fBodyGyro-mean()-Z" "fBodyGyro-std()-X" "fBodyGyro-std()-Y" "fBodyGyro-std()-Z"
"1" "WALKING" "train" -0.202794306326316 0.0897127264021053 -0.331560117789474 -0.319134719578947 0.056040006846 -0.279686751494737 -0.339032197115789 -0.103059416434737 -0.255940940315789 -0.516691938736842 -0.0335081597884211 -0.436562227473684
"1" "WALKING_UPSTAIRS" "train" -0.404321784150943 -0.190976720811321 -0.433349702075472 -0.337428188679245 0.0217695106566038 0.0859565543849057 -0.492611667924528 -0.319474609056604 -0.453597213018868 -0.565892490754717 0.151538905566038 -0.57170784
"1" "WALKING_DOWNSTAIRS" "train" 0.0382291831510204 0.00154990783591837 -0.225574471693878 0.0243308391387755 -0.112963739953061 -0.297927894693878 -0.352449631363265 -0.0557022524693878 -0.0318694271979592 -0.495422486102041 -0.181414728657143 -0.238443565306122
"1" "SITTING" "train" -0.979641238723404 -0.944084550425532 -0.959184889148936 -0.976412313191489 -0.917275006382979 -0.934469558085106 -0.976161464042553 -0.975838585319149 -0.951315544468085 -0.977904227021277 -0.962345042553192 -0.94391784106383
"1" "STANDING" "train" -0.995249932641509 -0.977070847735849 -0.985297098679245 -0.99602834509434 -0.972293102075472 -0.977937259622642 -0.986386786037736 -0.988984455849057 -0.980773122830189 -0.987497128679245 -0.987107727735849 -0.98234533
"1" "LAYING" "train" -0.9390990524 -0.86706520518 -0.8826668762 -0.9244374346 -0.8336255561 -0.81289155944 -0.850249174586 -0.9521914948 -0.909302721 -0.8822964508 -0.9512320494 -0.9165825082
"2" "WALKING" "test" -0.346048161016949 -0.0219048103322034 -0.453806369830508 -0.457651383728814 -0.16921968620339 -0.455222146440678 -0.429713536101695 -0.55477211220339 -0.396659907457627 -0.604053019152542 -0.533046952542373 -0.559856635084746
"2" "WALKING_UPSTAIRS" "test" -0.266720933270833 0.00992445881854167 -0.281001986202083 -0.320582414375 0.0848802791083333 -0.09454497643125 -0.331643577458333 -0.488086123958333 -0.248601122 -0.476358845625 -0.459758488958333 -0.218072471479167
"2" "WALKING_DOWNSTAIRS" "test" 0.112841160325532 0.278345041765957 -0.131290772 0.0161046198595745 0.171973972957447 -0.162032894287234 -0.145775970406383 -0.361913824 -0.0874944736085106 -0.379436674361702 -0.458732747446809 -0.422987665106383
"2" "SITTING" "test" -0.985803840652174 -0.957343498478261 -0.970162172608696 -0.98736209 -0.950073754130435 -0.956862864130435 -0.982621389565217 -0.982100923695652 -0.959814822391304 -0.986808501521739 -0.977356188695652 -0.963522659782609
"2" "STANDING" "test" -0.983946739814815 -0.959871697407407 -0.962471195740741 -0.989056469814815 -0.957908842222222 -0.946433583518518 -0.967037112037037 -0.972576152962963 -0.960627696111111 -0.97498812462963 -0.97103605037037 -0.969754295740741
"2" "LAYING" "test" -0.976725059791667 -0.979800877916667 -0.984380981875 -0.973246482083333 -0.981025105625 -0.984792185 -0.9864311425 -0.983321635416667 -0.9626718875 -0.988860685833333 -0.981910616458333 -0.963174222291667
"3" "WALKING" "train" -0.316614011689655 -0.0813024353275862 -0.412374074482759 -0.379276781206897 -0.124030832001724 -0.422998473965517 -0.437845763793103 -0.561526265344828 -0.418126217413793 -0.615121369827586 -0.568888673448276 -0.545896388103448
"3" "WALKING_UPSTAIRS" "train" -0.392004211474576 -0.0788094156644068 -0.504494528474576 -0.285333024050847 -0.00803987529661017 -0.350797226271186 -0.378216681762712 -0.637293508305085 -0.431503361525424 -0.484820991355932 -0.556045947118644 -0.561097649661017
"3" "WALKING_DOWNSTAIRS" "train" -0.0421706943244898 -0.00770048300204082 -0.404452414285714 -0.0654417192653061 -0.109722354322449 -0.389723034061224 -0.129066574295918 -0.542694164081633 -0.302866461179592 -0.30863033105102 -0.553094540204082 -0.548164313265306
"3" "SITTING" "train" -0.970154440961538 -0.891907751346154 -0.917987925384615 -0.971605878461538 -0.8496556575 -0.864322464038462 -0.957550637692308 -0.95617355 -0.934967958846154 -0.968013062884615 -0.939609988461538 -0.930633150769231
"3" "STANDING" "train" -0.960123409508197 -0.908075353770492 -0.939507735245902 -0.969931287377049 -0.89243434852459 -0.904801254590164 -0.901282267540984 -0.937711157213115 -0.916172537704918 -0.901985672459016 -0.923125941147541 -0.919743846065574
"3" "LAYING" "train" -0.980665609032258 -0.961169982903226 -0.968332141612903 -0.983691129032258 -0.964094604193548 -0.96327908016129 -0.970167262903226 -0.978099682258065 -0.962341960806452 -0.975986433709677 -0.977032495483871 -0.967256854193548
"4" "WALKING" "test" -0.426719449666667 -0.14939963344 -0.631005470833333 -0.447234929666667 -0.101799450565167 -0.594198325666667 -0.373384540666667 -0.688460056666667 -0.601381129166667 -0.542646759 -0.654657770166667 -0.716458475166667
"4" "WALKING_UPSTAIRS" "test" -0.294488270365385 -0.117109161492308 -0.524655722692308 -0.173217219014423 -0.101434446040385 -0.345109817692308 -0.3710689925 -0.684310201538462 -0.350765737115385 -0.483548693461538 -0.489824279230769 -0.424533512307692
"4" "WALKING_DOWNSTAIRS" "test" -0.0722392276888889 -0.129606639466667 -0.494683451555556 0.0390098262533333 -0.32253131772 -0.512694303111111 -0.240298893435556 -0.717545840444444 -0.318306481022222 -0.414919000955556 -0.691518367333333 -0.621658471333333
"4" "SITTING" "test" -0.9774624984 -0.9057829318 -0.9517837432 -0.9819081892 -0.8894673494 -0.9269993168 -0.9605896358 -0.9675836478 -0.9337768922 -0.973333107 -0.954120419 -0.9328683544
"4" "STANDING" "test" -0.973497549642857 -0.889549205 -0.93164342125 -0.978737637678571 -0.857380281803571 -0.887554317678571 -0.905464161964286 -0.955992945178571 -0.915280955357143 -0.912464793928571 -0.945825840178571 -0.91665163125
"4" "LAYING" "test" -0.958802077592593 -0.938883374444444 -0.967504278888889 -0.952464881481481 -0.946380971111111 -0.962154454259259 -0.967203736481482 -0.972187839074074 -0.961479262592593 -0.975094739444444 -0.956182500185185 -0.965807466666667
"5" "WALKING" "train" -0.287782607410714 0.00946037755178572 -0.490251090714286 -0.297517355196429 0.0426026830839286 -0.483059957321429 -0.372668749642857 -0.513951718392857 -0.213127031035714 -0.529392790178571 -0.502683380535714 -0.420367075178571
"5" "WALKING_UPSTAIRS" "train" -0.161485339978723 0.0728903158085106 -0.457470676808511 -0.00473819670425532 0.165037631180851 -0.28925665906383 -0.263615096246809 -0.516609046808511 -0.139801393244681 -0.501685580212766 -0.403486393191489 -0.380378006808511
"5" "WALKING_DOWNSTAIRS" "train" 0.0984320090212766 0.0792280694042553 -0.374740089574468 0.336554724893617 0.0268269875085106 -0.353397850212766 -0.295345101425532 -0.382483075106383 -0.034175027916383 -0.51494094106383 -0.431552775319149 -0.374705187021277
"5" "SITTING" "train" -0.977450812045455 -0.921434735681818 -0.946064216818182 -0.9825908425 -0.9022915301 -0.92184351 -0.957117251818182 -0.955460359318182 -0.938003425909091 -0.969390369318182 -0.947571471590909 -0.947346476590909
"5" "STANDING" "train" -0.964500917321429 -0.890796360535714 -0.915083799107143 -0.97066840875 -0.867933178017857 -0.858231387857143 -0.909661802321429 -0.939373524464286 -0.907190836607143 -0.912780915714286 -0.931857811428571 -0.91678935625
"5" "LAYING" "train" -0.968741678461538 -0.965419520961538 -0.977007724615385 -0.964953893653846 -0.972909186730769 -0.965882191153846 -0.975797491730769 -0.978249645769231 -0.963202948461538 -0.980705769807692 -0.977257800961538 -0.963305738076923
"6" "WALKING" "train" -0.187934323140351 0.140781621991228 -0.498520164385965 -0.34522769 0.101699642168947 -0.550474621754386 -0.239650710533333 -0.341378429473684 -0.203575458733333 -0.515323854385965 -0.332008706842105 -0.512209233508772
"6" "WALKING_UPSTAIRS" "train" -0.131075372803922 0.0978035099588235 -0.42724809972549 -0.0211335627276471 0.159123777172549 -0.36587418445098 -0.115065008156863 -0.329653779629412 -0.0464142110215686 -0.390248128039216 -0.31361857145098 -0.309998085098039
"6" "WALKING_DOWNSTAIRS" "train" 0.328308506041667 0.339771173822917 -0.277602590916667 0.403369766666667 0.283247837625 -0.4060143105 0.0633716052854167 -0.130327465789583 0.15284524938125 -0.286724914610417 -0.235470976166667 -0.275667262770833
"6" "SITTING" "train" -0.975351454727273 -0.928264365454545 -0.935798115272727 -0.982451284727273 -0.925676956 -0.925768475636364 -0.939671400545455 -0.943857393090909 -0.934764895454545 -0.963407046545455 -0.944901470363636 -0.947326797818182
"6" "STANDING" "train" -0.977100287368421 -0.930336471754386 -0.942864017017544 -0.984067374035088 -0.921449111052632 -0.922067224210526 -0.931612384385965 -0.943273146140351 -0.943239602105263 -0.952817395263158 -0.942539174210526 -0.95445570245614
"6" "LAYING" "train" -0.939114254210526 -0.923706791403509 -0.938044912280702 -0.932462941461404 -0.929711219929825 -0.924004748421053 -0.935439769649123 -0.941771544385965 -0.932636612807018 -0.962164978596491 -0.945365097894737 -0.947136774385965
"7" "WALKING" "train" -0.343048405789474 -0.0641564202736842 0.0385832252345614 -0.322034908070175 -0.143721823263158 0.133316828089298 -0.318395104666667 -0.151966687436842 -0.366733617894737 -0.563615256666667 -0.290859379017544 -0.463270018245614
"7" "WALKING_UPSTAIRS" "train" -0.336199426470588 -0.381590523137255 -0.317461021372549 -0.279870086215686 -0.341025552941176 -0.124912269443137 -0.383889342745098 -0.567920266470588 -0.408150266666667 -0.368636961470588 -0.579964614705882 -0.393062890647059
"7" "WALKING_DOWNSTAIRS" "train" 0.0443428315319149 -0.145302311446808 -0.139216222106383 0.0730110797851064 -0.190187141297872 -0.100121492529787 -0.33930147 -0.21444307293617 -0.299600267680851 -0.432730974446809 -0.351717743191489 -0.495120053191489
"7" "SITTING" "train" -0.972697126875 -0.93149063375 -0.904675337916667 -0.972879966041667 -0.904629195833333 -0.844083052916667 -0.9436317575 -0.956678065 -0.9474199325 -0.9427264225 -0.93824472 -0.939826018125
"7" "STANDING" "train" -0.976681834339623 -0.941883783773585 -0.938550519811321 -0.980541336037736 -0.919118753018868 -0.912358813773585 -0.938121637735849 -0.957548671320755 -0.957165056226415 -0.947891986226415 -0.945818157735849 -0.954339406415094
"7" "LAYING" "train" -0.953424245576923 -0.942193953846154 -0.958611644615385 -0.931120580576923 -0.922917902307692 -0.953380646346154 -0.953684547692308 -0.957570207692308 -0.956905310961538 -0.962348254423077 -0.939727873653846 -0.9588764125
"8" "WALKING" "train" -0.247389011875 0.316982393333333 -0.238634594791667 -0.148386858858333 0.32484493125 -0.158437341970833 -0.102063053808333 -0.259729692333333 -0.132902199479167 -0.234252005895833 -0.1908057215 -0.1429742348125
"8" "WALKING_UPSTAIRS" "train" -0.166411065387805 0.263431399878049 -0.0729496941121951 -0.175284990170732 0.30540146 0.133766193578049 -0.240260761682927 -0.113162144460976 0.16597418695122 -0.409955580780488 -0.0478802512585366 0.263202878429268
"8" "WALKING_DOWNSTAIRS" "train" 0.136590199860526 0.388412779763158 0.159589756534211 -0.0260463260078947 0.232184078052632 0.0214914840105263 -0.130740445236842 0.116090879026316 0.0277498065176316 -0.302735102631579 -0.0461356322868421 -0.268253406210526
"8" "SITTING" "train" -0.981142909782609 -0.94421971826087 -0.959436275869565 -0.978256730652174 -0.923829969347826 -0.933889846521739 -0.982200309782609 -0.97658989 -0.961798676956522 -0.985339301521739 -0.96892443326087 -0.962632253913044
"8" "STANDING" "train" -0.988219862222222 -0.9500491 -0.950362935555556 -0.98918374962963 -0.936231722777778 -0.919744963888889 -0.969677435925926 -0.972595487037037 -0.975512276666667 -0.974200997592593 -0.968055495925926 -0.975976456111111
"8" "LAYING" "train" -0.953538563888889 -0.951816663703704 -0.944269514074074 -0.940125298333333 -0.931236756962963 -0.931146497518519 -0.957903886111111 -0.957411160185185 -0.967461239074074 -0.967846360740741 -0.950316470925926 -0.970671966481481
"9" "WALKING" "test" -0.294711163653846 -0.257677616153846 -0.250806259788462 -0.218019977423077 -0.223972558596154 -0.0337965256573077 -0.383676120961538 -0.436905860576923 -0.240222512134615 -0.507404512692308 -0.490990336346154 -0.342367223269231
"9" "WALKING_UPSTAIRS" "test" -0.342735952653061 -0.405022798163265 -0.384710423408163 -0.369815777346939 -0.297641062755102 -0.244081808302041 -0.313941631326531 -0.499159202857143 -0.327698671183673 -0.361626377102041 -0.352033091612245 -0.165554554220408
"9" "WALKING_DOWNSTAIRS" "test" 0.103128506197619 -0.183120455428571 -0.103705822657857 0.250488758869048 -0.273561385142857 -0.0349494927142857 -0.325042890904762 -0.312512195452381 -0.250686586719048 -0.423558773952381 -0.364282565714286 -0.356561471714286
"9" "SITTING" "test" -0.959413594 -0.911683219 -0.8922013438 -0.956903459 -0.86761360746 -0.818001834824 -0.950315237 -0.9396930078 -0.940312313 -0.9618360162 -0.910583361 -0.9341874784
"9" "STANDING" "test" -0.971662692 -0.944849431777778 -0.941686874222222 -0.977579248444444 -0.938790016888889 -0.913896832222222 -0.916974437555556 -0.954514301555556 -0.941510336 -0.924738576444444 -0.941950576888889 -0.944942811777778
"9" "LAYING" "test" -0.946865494 -0.9343665984 -0.9459190006 -0.9409810272 -0.9128367508 -0.9419711636 -0.930297921 -0.9345796594 -0.9598150092 -0.9463891504 -0.9231319366 -0.965686312
"10" "WALKING" "test" -0.114190001283019 0.0533911909886792 -0.41218272245283 -0.206366497226415 -0.129775706316981 -0.435304215660377 -0.277913780754717 -0.345209034528302 -0.108530029881132 -0.458292932830189 -0.204392821584906 -0.273292866226415
"10" "WALKING_UPSTAIRS" "test" -0.139410790617021 -0.0390688222212766 -0.301206408085106 -0.171957349438298 -0.051628469647234 -0.0342347233914894 -0.218524716912766 -0.235858986212766 -0.262763367170213 -0.34130162006383 0.171735785297872 -0.403822082765957
"10" "WALKING_DOWNSTAIRS" "test" 0.215665273157895 0.00904660360263158 -0.157728357742105 0.324957743157895 -0.0633337717526316 -0.268686170263158 -0.214350280079211 -0.272495710342105 0.0391366814342105 -0.339514358157895 -0.343237004473684 -0.1503916379
"10" "SITTING" "test" -0.984943144259259 -0.9404502 -0.97464465462963 -0.982242427777778 -0.912838063018519 -0.966121042592593 -0.986477363333333 -0.986179215555556 -0.96539546962963 -0.989712360740741 -0.983579646666667 -0.962418559814815
"10" "STANDING" "test" -0.970099814318182 -0.923378745227273 -0.955272383863636 -0.982949246136364 -0.921860476590909 -0.938098683181818 -0.924005912954545 -0.960323800909091 -0.950915730909091 -0.932273942727273 -0.958399857954545 -0.958901257272727
"10" "LAYING" "test" -0.96918420862069 -0.954341849137931 -0.964300845172414 -0.96796803862069 -0.946229148258621 -0.959813667810345 -0.953793912068965 -0.954670034482759 -0.969755777241379 -0.96454456637931 -0.953453496551724 -0.975298797068965
"11" "WALKING" "train" -0.396533731864407 -0.0830478435976271 -0.616402910169492 -0.433703311525424 -0.0966068285372881 -0.523093394915254 -0.514753307627119 -0.593107398474576 -0.398293336610169 -0.623150268983051 -0.453663184067797 -0.498554639491525
"11" "WALKING_UPSTAIRS" "train" -0.355348902222222 -0.254645206944444 -0.551742083518519 -0.198733655611111 -0.0885048145574074 -0.113701770190741 -0.471782782222222 -0.581167154444444 -0.674671878518519 -0.517811645740741 -0.153787850538889 -0.729928728518519
"11" "WALKING_DOWNSTAIRS" "train" 0.0351937228130435 0.0247508134326087 -0.377624755652174 0.179906764395652 0.0262777181065217 -0.348626581521739 -0.318777012804348 -0.528254524130435 -0.273459111956522 -0.397722757934783 -0.481127494565217 -0.397220471086957
"11" "SITTING" "train" -0.981481454339623 -0.934503182830189 -0.972855110377359 -0.983389810188679 -0.920047161698113 -0.967884390943396 -0.985106875471698 -0.98263664490566 -0.954453821132075 -0.989189512641509 -0.982137919056604 -0.956802766792453
"11" "STANDING" "train" -0.993808050638298 -0.968703072553191 -0.987669785531915 -0.995573762978723 -0.96350679 -0.985958517446809 -0.978301717234043 -0.994025488297872 -0.980762968085106 -0.981009115744681 -0.994353086595745 -0.98230878106383
"11" "LAYING" "train" -0.983801365614035 -0.971403935438596 -0.973576812807018 -0.985322211929825 -0.973589287368421 -0.971668077017544 -0.97618747122807 -0.982640271929825 -0.961434420701754 -0.982424585438596 -0.982660631754386 -0.963183902982456
"12" "WALKING" "test" -0.05435763951 -0.071302455092 -0.4223253002 -0.160707260634 -0.20851528006 -0.4521466944 -0.4019759318 -0.4678863378 -0.31728248436 -0.5931428818 -0.4437983296 -0.4222565212
"12" "WALKING_UPSTAIRS" "test" -0.321447925192308 -0.168341519859615 -0.560841212692308 -0.278929748076923 -0.130175559028846 -0.418599992115385 -0.426360331538462 -0.604711316153846 -0.406080936346154 -0.5604629635 -0.483918390576923 -0.396095719423077
"12" "WALKING_DOWNSTAIRS" "test" 0.0235049348717391 0.150510001156522 -0.402121221521739 0.0483347068913043 0.016749510173913 -0.48739012673913 -0.178856167345652 -0.420631474130435 -0.212767364326087 -0.4223632375 -0.518923134565217 -0.448512990434783
"12" "SITTING" "test" -0.97966614372549 -0.942768016862745 -0.954626628823529 -0.98399947745098 -0.926033975686275 -0.935916958235294 -0.968528985294118 -0.963725248823529 -0.955718183921569 -0.976339901372549 -0.959040695686274 -0.954769877647059
"12" "STANDING" "test" -0.976469472295082 -0.932775677704918 -0.947178200163934 -0.983647207377049 -0.922852028360656 -0.914189183770492 -0.890292711147541 -0.948251856721312 -0.95260195295082 -0.884385204098361 -0.938529853770492 -0.954335764426229
"12" "LAYING" "test" -0.956248487666667 -0.951265971 -0.954724801666667 -0.955207641833333 -0.9506400405 -0.948380833666667 -0.9566538865 -0.95256172 -0.9456732415 -0.969254585333333 -0.955343675666667 -0.956424382333333
"13" "WALKING" "test" -0.335030121052632 0.0955150666694737 -0.246851507561404 -0.353299848947368 0.0921968931052632 -0.269896395250877 -0.192856474047368 -0.256213554508772 -0.276607954736842 -0.435714710526316 -0.318618506122807 -0.455333900526316
"13" "WALKING_UPSTAIRS" "test" -0.382460736363636 -0.0636564765818182 -0.404785239945455 -0.266081292363636 0.114656709636364 -0.184842227972182 -0.482113007636364 -0.492176104727273 -0.255338945927273 -0.562911002545455 -0.364283258727273 -0.272525011818182
"13" "WALKING_DOWNSTAIRS" "test" -0.0726602663212766 -0.0364535247659574 -0.151178724793617 -0.0680436217021277 -0.0924444167085106 -0.233315176510213 -0.319677124659574 -0.133828886725532 -0.212906662531915 -0.452190386808511 -0.24966032923617 -0.427008254255319
"13" "SITTING" "test" -0.990135477755102 -0.959673916122449 -0.956183063510204 -0.989410582653061 -0.933666502510204 -0.934189007346939 -0.983218202857143 -0.982456053877551 -0.968384415510204 -0.986714694081633 -0.97827070877551 -0.969451754693878
"13" "STANDING" "test" -0.989425965614035 -0.959427618245614 -0.97756730122807 -0.991817705263158 -0.947179813157895 -0.964048080877193 -0.957154108421053 -0.97291308 -0.974394378070175 -0.955818411578947 -0.97142515122807 -0.97553326754386
"13" "LAYING" "test" -0.974716920483871 -0.965843757258064 -0.966295582741935 -0.966960088387097 -0.947462328225806 -0.945852135806452 -0.96946349 -0.968689729193548 -0.969126880322581 -0.973446792419355 -0.959944126451613 -0.969797214516129
"14" "WALKING" "train" -0.421498172542373 -0.174601844847458 -0.177366434042373 -0.395859985762712 -0.0542709972186441 0.0854892136933898 -0.508595851864407 -0.215894949525424 -0.212925759152542 -0.630082075932203 0.0832950551222034 -0.180232949016949
"14" "WALKING_UPSTAIRS" "train" -0.323508442240741 0.0163939234574074 0.191693742633333 -0.304980247962963 0.356072772037037 0.687124163703704 -0.441048358648148 0.118687692187963 0.196703218737037 -0.464742933888889 0.646233637037037 0.522454216314815
"14" "WALKING_DOWNSTAIRS" "train" 0.0212541553977778 0.3714824704 0.280735952206667 0.0140826092322222 0.29363389996 0.427563832371111 -0.295315541666667 0.0132082347333333 0.492414379822222 -0.378882872733333 0.0741391154937778 0.182794696328889
"14" "SITTING" "train" -0.976456609259259 -0.932644766111111 -0.944126078888889 -0.976303056851852 -0.911591208203704 -0.917678155296296 -0.978577117592593 -0.969806729814815 -0.957020858888889 -0.981573087222222 -0.958227403148148 -0.956028807962963
"14" "STANDING" "train" -0.9726995625 -0.942178248333333 -0.9424220265 -0.973605553666667 -0.926055903 -0.917781858666667 -0.957111767 -0.9508361945 -0.950999877833333 -0.962741032833333 -0.944306864 -0.950162705166667
"14" "LAYING" "train" -0.933936178235294 -0.930366906078431 -0.927882307058824 -0.911972655156863 -0.905221049156863 -0.894055710980392 -0.949959040588235 -0.938087898235294 -0.949107162941176 -0.959740488627451 -0.929955407058824 -0.957790479803922
"15" "WALKING" "train" -0.31744092037037 0.111321097159074 -0.554942138148148 -0.332520626851852 0.0805646237194445 -0.537026414814815 -0.253399360296296 -0.535422096111111 -0.461464065555556 -0.357633378703704 -0.365361208555556 -0.543997593703704
"15" "WALKING_UPSTAIRS" "train" -0.0746328434375 -0.1019354328 -0.5395910825 -0.00838243761666667 -0.0191328333041667 -0.349600353270833 -0.361096856875 -0.517025245833333 -0.485701745833333 -0.4372253275 -0.243612269004167 -0.523744300833333
"15" "WALKING_DOWNSTAIRS" "train" 0.235309825547619 0.167518099964286 -0.259812204547619 0.466325681428571 0.1199936036 -0.357407559285714 -0.22735956545 -0.402332301666667 -0.18319480152381 -0.351630000285714 -0.360972848571429 -0.3436733
"15" "SITTING" "train" -0.986619609491525 -0.938926430779661 -0.963227004915254 -0.987384778983051 -0.919162700338983 -0.945704713050847 -0.986152580338983 -0.979201724745763 -0.966731518305085 -0.988881930508475 -0.973456092372881 -0.966228648305085
"15" "STANDING" "train" -0.986724998867925 -0.943348788679245 -0.965473514528302 -0.990060962641509 -0.930286443396226 -0.947905911320755 -0.950380286226415 -0.975133868867925 -0.96826485509434 -0.948275234150943 -0.969442882075472 -0.971282183584906
"15" "LAYING" "train" -0.974016176527778 -0.962461124305556 -0.95156594625 -0.971718824583333 -0.964590430138889 -0.923923991944444 -0.955413596111111 -0.964310893611111 -0.958190099861111 -0.958224495416667 -0.959991907083333 -0.960015831111111
"16" "WALKING" "train" -0.394790433529412 -0.321500667843137 -0.244363048235294 -0.409070488039216 -0.354370678627451 -0.180501317941176 -0.59574648627451 -0.619731930392157 -0.432885310980392 -0.673741136862745 -0.61194087745098 -0.403219791372549
"16" "WALKING_UPSTAIRS" "train" -0.474984014705882 -0.268063812745098 -0.335853041176471 -0.369636140980392 -0.166324239117647 -0.094561233145098 -0.53239971627451 -0.642018064117647 -0.492427493529412 -0.509896031372549 -0.559600598431373 -0.387309489901961
"16" "WALKING_DOWNSTAIRS" "train" 0.0368263528276596 -0.134598352726809 -0.04769426376 0.266115492098298 -0.208680587882979 -0.0379716239787234 -0.420844008625532 -0.479512983617021 -0.375000625531915 -0.470373498510638 -0.565214032765957 -0.521100818723404
"16" "SITTING" "train" -0.987043828985507 -0.961456685507246 -0.959552230434783 -0.986892418405797 -0.949829260434783 -0.934652146521739 -0.978632856956522 -0.96679600173913 -0.960058264057971 -0.982057861449275 -0.954343752463768 -0.964270052318841
"16" "STANDING" "train" -0.989427670897436 -0.96931401525641 -0.969999504230769 -0.989100620641026 -0.958174310128205 -0.948540267051282 -0.973157351666667 -0.983594244615385 -0.98363927 -0.973926885 -0.978402418717949 -0.983527402051282
"16" "LAYING" "train" -0.980213187428571 -0.963635575142857 -0.974580069142857 -0.971409075142857 -0.937083636714286 -0.962524372714286 -0.975892407428571 -0.976092920571429 -0.985957788 -0.977509583571429 -0.968135251857143 -0.985730995857143
"17" "WALKING" "train" -0.360991674918033 -0.0650267622126229 -0.382832802295082 -0.304806274098361 -0.0556137930852459 -0.262391594918033 -0.40771670852459 -0.490166286557377 -0.398809217540984 -0.504849290819672 -0.439238787704918 -0.438768699508197
"17" "WALKING_UPSTAIRS" "train" -0.1397522212625 -0.1175197356 -0.3999234945625 -0.0355381172854167 -0.0252781736083333 -0.2048157105 -0.416223018291667 -0.521435415208333 -0.324273713333333 -0.5244683916875 -0.481154119791667 -0.2778914704375
"17" "WALKING_DOWNSTAIRS" "train" -0.0226239171245652 -0.130272514565217 -0.3180818605 0.258941676302174 -0.0860527358695652 -0.245413541641304 -0.316412962967391 -0.451126869347826 -0.403380386086957 -0.393194731747826 -0.469390428043478 -0.540949520217391
"17" "SITTING" "train" -0.9939693815625 -0.96992798921875 -0.97484160453125 -0.99465731359375 -0.959789141875 -0.96292107328125 -0.98841106765625 -0.98879397953125 -0.98161709828125 -0.99004126046875 -0.984813098125 -0.9809696453125
"17" "STANDING" "train" -0.990927533846154 -0.97417056948718 -0.980231575769231 -0.991318528333333 -0.966427323846154 -0.966999000897436 -0.980696264102564 -0.987334041282051 -0.985954978205128 -0.981791318076923 -0.983946584871795 -0.986725274871795
"17" "LAYING" "train" -0.974359280140845 -0.954648102253521 -0.965406091549296 -0.972438525352113 -0.942791615915493 -0.950116956478873 -0.971949211126761 -0.973669098591549 -0.976164852112676 -0.977203498309859 -0.970627806901408 -0.978357126056338
"18" "WALKING" "test" -0.37147515625 -0.24360627125 -0.48977105125 -0.378068199285714 -0.267273644642857 -0.439861578035714 -0.609673434464286 -0.570898150714286 -0.538152344821429 -0.734901390178571 -0.460890661785714 -0.54840977125
"18" "WALKING_UPSTAIRS" "test" -0.465097261896552 -0.363450742586207 -0.522728377068965 -0.350639840862069 -0.190550638155172 -0.269571390465517 -0.59232371 -0.649817266551724 -0.504364096896552 -0.60071129637931 -0.443429836896552 -0.466022431206897
"18" "WALKING_DOWNSTAIRS" "test" -0.350086793272727 -0.309049613818182 -0.505824358 -0.285535871636364 -0.273798158 -0.418258649818182 -0.489232274509091 -0.641527595090909 -0.447030699454545 -0.513947089545455 -0.607757979272727 -0.543996110545454
"18" "SITTING" "test" -0.993144920175439 -0.976538530350877 -0.982996441403509 -0.994906565789474 -0.974980068596491 -0.975722121403509 -0.989961500350877 -0.988702701403509 -0.983027386491228 -0.992575399473684 -0.985710087894737 -0.98279727631579
"18" "STANDING" "test" -0.990409919315068 -0.961239135479452 -0.975772813972603 -0.992789068493151 -0.952911994794521 -0.957216177945206 -0.964428926438356 -0.983561159726027 -0.974294413013699 -0.962272711643836 -0.978801848493151 -0.974822589589041
"18" "LAYING" "test" -0.985179972153846 -0.984909884615385 -0.988606906307692 -0.984321858307692 -0.986746450769231 -0.987224804307692 -0.992436927692308 -0.985611171384615 -0.984999291538462 -0.993019371692308 -0.983457774923077 -0.986483048153846
"19" "WALKING" "train" -0.0299815666923077 0.169258575663077 -0.104423357596154 -0.0578820787019231 0.112615077990385 -0.233872331063462 0.228142361865385 -0.0973549846596154 -0.01050470716 -0.108388809533846 -0.133010285461538 -0.220271190807692
"19" "WALKING_UPSTAIRS" "train" -0.15687949467775 0.111818164225 -0.2196444734075 -0.11993477534 0.13255758081125 -0.2399806950525 -0.194485509535 -0.2254218170275 -0.06612935167 -0.4775147465 -0.149925160355 -0.207498123525
"19" "WALKING_DOWNSTAIRS" "train" 0.537012022051282 0.494457802230769 0.110659220744872 0.658506543333333 0.427928785230769 -0.0783635041538461 0.474962448333333 0.147083143564103 0.210673073192308 0.196613286661538 -0.028489571974359 -0.215892226769231
"19" "SITTING" "train" -0.979238031780822 -0.960763181917808 -0.96633509109589 -0.975204245342466 -0.948053070136986 -0.947514931780822 -0.981743664931507 -0.968188675753425 -0.968235777945205 -0.985576048219178 -0.955598610136986 -0.967869249178082
"19" "STANDING" "train" -0.987352048356164 -0.952872872465753 -0.968543351780822 -0.991161671369863 -0.943193755068493 -0.947753961643836 -0.947865639178082 -0.975061671643836 -0.965100636164384 -0.946607045616438 -0.966967238082192 -0.963212791780822
"19" "LAYING" "train" -0.97453373 -0.972798824096386 -0.985340447349398 -0.962085001204819 -0.974832075662651 -0.984740998192771 -0.974196217590361 -0.972061003493976 -0.97393233253012 -0.983944795060241 -0.959831365783133 -0.975417523855422
"20" "WALKING" "test" -0.147404272166667 0.403465950921569 -0.272213861705882 -0.234985644352941 0.438436341294118 -0.26649772672549 -0.0936248686019608 0.0310145965868627 -0.108892495684314 -0.279931528352941 0.107704805445098 -0.264957205764706
"20" "WALKING_UPSTAIRS" "test" -0.140439074776471 -0.0293832440223529 -0.318431522156863 -0.108444759592157 0.16454675022549 -0.242438965196078 -0.372684353921569 -0.162341385629412 0.115076640798039 -0.532021733921569 -0.079046721372549 0.095476833245098
"20" "WALKING_DOWNSTAIRS" "test" -0.0343309987555556 0.524187686888889 -0.188098811986667 0.113033424261778 0.560191344 -0.213916756933333 -0.0629572600911111 -0.138097945555556 0.257037841093333 -0.253365630644444 -0.159961424355556 0.0183050845333333
"20" "SITTING" "test" -0.981203064242424 -0.945198619242424 -0.947597457121212 -0.98397837530303 -0.935031700454545 -0.924947175454545 -0.969913284393939 -0.964643068787879 -0.950963363939394 -0.978433538484848 -0.958015696363636 -0.949176822121212
"20" "STANDING" "test" -0.96193272890411 -0.898194212465753 -0.929985824794521 -0.96980617890411 -0.872525409452055 -0.910995860273973 -0.881019424794521 -0.91064914109589 -0.911409911643836 -0.890525705068493 -0.901237499589041 -0.914872014383562
"20" "LAYING" "test" -0.965728781617647 -0.965595958382353 -0.976392651323529 -0.960997907205882 -0.964960988382353 -0.971901324705882 -0.982619403529412 -0.973120029558823 -0.972278603529412 -0.985154588529412 -0.973092518088235 -0.974995267058824
"21" "WALKING" "train" -0.273496158519231 0.0338465813711538 -0.300309066730769 -0.308547185288462 -0.00256294245192308 -0.164961027194231 -0.246657382884615 -0.371744086730769 -0.283262474865385 -0.491859244230769 -0.419400879423077 -0.385505359038462
"21" "WALKING_UPSTAIRS" "train" -0.319169340234043 0.0221598658106383 -0.321712974042553 -0.213184048 0.0823434279595745 -0.22716417293617 -0.446974007021277 -0.446691581702128 -0.155762354829787 -0.560968048723404 -0.478299637021277 0.0130916351042553
"21" "WALKING_DOWNSTAIRS" "train" 0.104323529982222 0.181138042506667 -0.0769713066866667 0.266987750733333 0.277894323022222 -0.145081705591111 -0.366748752888889 -0.308879866288889 -0.238221682666667 -0.469790144111111 -0.388418746666667 -0.450772139111111
"21" "SITTING" "train" -0.990610228 -0.968060947058824 -0.970859342941176 -0.992375229411765 -0.96756129 -0.956412505058824 -0.984893559764706 -0.979830938 -0.976839728941176 -0.98955931 -0.974723217647059 -0.979130678470588
"21" "STANDING" "train" -0.978327686179775 -0.949694904269663 -0.960274142134831 -0.982892836629213 -0.94354515752809 -0.942458908314607 -0.956989964269663 -0.960082591123596 -0.959432562359551 -0.964530315842697 -0.954080913707865 -0.963124572134831
"21" "LAYING" "train" -0.968234375555556 -0.960069247 -0.961772190555556 -0.950929451222222 -0.957258971111111 -0.940919006555556 -0.973410473 -0.964968005222222 -0.980811216111111 -0.976226919888889 -0.946599855444444 -0.983270707333333
"22" "WALKING" "train" -0.0994928588891304 0.145367520371739 -0.25521651373913 0.0243958191369565 0.00386841059347826 -0.253643608304348 -0.144648652152174 -0.501176901956522 -0.083501182326087 -0.374496318695652 -0.481624411086957 -0.253173876956522
"22" "WALKING_UPSTAIRS" "train" -0.0553996485285714 0.13068653882619 -0.228019952309524 0.132048813464286 0.230058772192857 -0.116753339559524 -0.19545699252381 -0.523943751666667 -0.199313066142857 -0.338139776690476 -0.473882071666667 -0.222431794690476
"22" "WALKING_DOWNSTAIRS" "train" 0.195348406222222 0.225766560777778 -0.322795653888889 0.402891960277778 0.167409716861111 -0.383242679444444 -0.0954349339722222 -0.525006840277778 -0.194915698805556 -0.284532358444444 -0.570339899444444 -0.377319033611111
"22" "SITTING" "train" -0.978505368225806 -0.939546007903226 -0.946635312419355 -0.97862319016129 -0.926995253483871 -0.909344305645161 -0.977266731129032 -0.959161754193548 -0.948367052258065 -0.982373346290323 -0.946107943548387 -0.951045695483871
"22" "STANDING" "train" -0.980373909206349 -0.929161387619048 -0.957101794126984 -0.987400306031746 -0.923657558412698 -0.938409884920635 -0.917018098571429 -0.97068244031746 -0.962327765238095 -0.919851782380952 -0.962172736666667 -0.963652778888889
"22" "LAYING" "train" -0.953758542777778 -0.925524703472222 -0.954219235555556 -0.945656808055556 -0.912562856666667 -0.941163951388889 -0.95336692 -0.964698258611111 -0.942570240416667 -0.958030986944444 -0.960711254583333 -0.936965638611111
"23" "WALKING" "train" -0.275404187920339 -0.0724367317966102 0.0814081078542373 -0.329807279830508 -0.202524061966102 0.1161434407 -0.337619203050847 0.195569461920339 -0.194970369294915 -0.545051691694915 0.286581518449153 -0.287820868152542
"23" "WALKING_UPSTAIRS" "train" -0.272605689568627 -0.0769773944803922 -0.070577489272549 -0.234309548019608 0.0380597405498039 0.104508755759412 -0.430239229235294 -0.290447408901961 -0.163001294113725 -0.590430783921569 -0.301619977058824 -0.0822521122215686
"23" "WALKING_DOWNSTAIRS" "train" 0.205428216353704 0.0959432893981482 0.280518877574074 -0.0282962478037037 0.0432283686975926 0.0947940973814815 -0.214730713222222 0.328817010088889 -0.141266888477778 -0.482598325037037 0.12605231802963 -0.305896699222222
"23" "SITTING" "train" -0.986325670882353 -0.953460406470588 -0.942031166764706 -0.988345258235294 -0.930781487205882 -0.896125263911765 -0.977149986617647 -0.957920288823529 -0.965428833529412 -0.981523241176471 -0.943733421029412 -0.961914054264706
"23" "STANDING" "train" -0.983627197058824 -0.962831825294118 -0.945170568823529 -0.986333385588235 -0.958042411176471 -0.926110099117647 -0.947510436323529 -0.952781164558824 -0.967939565 -0.941698515588235 -0.945871186029412 -0.9642499225
"23" "LAYING" "train" -0.970037238333333 -0.982072295833333 -0.977515213888889 -0.952410957638889 -0.974304149166667 -0.972261283055556 -0.979676078055556 -0.96846913625 -0.984238807777778 -0.982665212638889 -0.954997309583333 -0.98531784125
"24" "WALKING" "test" -0.492419802586207 -0.203193741396552 -0.344493013448276 -0.462733639137931 -0.182766476862069 -0.314646918448276 -0.468295081206897 -0.479841432931034 -0.39144792137931 -0.616915839310345 -0.495896271896552 -0.453337858448276
"24" "WALKING_UPSTAIRS" "test" -0.395790553898305 -0.252412541966102 -0.312792211016949 -0.326165553050847 -0.107787679328814 -0.28314344338983 -0.503188684915254 -0.546620981186441 -0.372182912033898 -0.602945480677966 -0.586177824237288 -0.311996408983051
"24" "WALKING_DOWNSTAIRS" "test" -0.222324293454545 -0.0861829752472727 -0.173825083587273 -0.0349085946785455 -0.169191147529091 -0.291553822381818 -0.272469211854545 -0.433475431818182 -0.396286646363636 -0.484894683818182 -0.523412701636364 -0.573281905454545
"24" "SITTING" "test" -0.989529506764706 -0.962773200147059 -0.966991781176471 -0.991100005441176 -0.954998005147059 -0.954402697794118 -0.985676523823529 -0.981200181176471 -0.974686891029412 -0.988891551764706 -0.976252427794118 -0.972851787647059
"24" "STANDING" "test" -0.984183633623188 -0.948970158405797 -0.953817599275362 -0.988851853478261 -0.934454791304348 -0.923802467681159 -0.958540187246377 -0.970426493768116 -0.970133388405797 -0.961885695217391 -0.965798055507246 -0.972688652173913
"24" "LAYING" "test" -0.975893687083333 -0.980830362083333 -0.976634815694444 -0.965167081805556 -0.984571808472222 -0.973057781805556 -0.976570564027778 -0.966111980277778 -0.981093036111111 -0.984713284166667 -0.95779294875 -0.983602745694445
"25" "WALKING" "train" -0.609038908918919 -0.251880271094595 -0.533563220540541 -0.591449956486486 -0.170313804039189 -0.430624587162162 -0.411909719594595 -0.678750350135135 -0.561322950945946 -0.406678108108108 -0.567201282027027 -0.603544209459459
"25" "WALKING_UPSTAIRS" "train" -0.521649838769231 -0.380150805384615 -0.542931828 -0.437975786923077 -0.199988428584615 -0.237296741292308 -0.476144998846154 -0.618579913384615 -0.575169715692308 -0.500119831476923 -0.349362687538462 -0.601112612153846
"25" "WALKING_DOWNSTAIRS" "train" -0.372245192931034 -0.196381053741379 -0.556097089137931 -0.213028874331034 -0.166842375587931 -0.449465441724138 -0.217799723931034 -0.632916352241379 -0.410311447586207 -0.316252107741379 -0.470641125 -0.506738306724138
"25" "SITTING" "train" -0.991405498153846 -0.959117259384615 -0.974776131230769 -0.992124279384615 -0.944842993230769 -0.962090614615385 -0.988002552461538 -0.983827801076923 -0.975805890153846 -0.990550003076923 -0.979828883230769 -0.974172870615385
"25" "STANDING" "train" -0.990093202837838 -0.959846189054054 -0.974051231216216 -0.992851743243243 -0.95417933 -0.96212373972973 -0.96807852527027 -0.97839988527027 -0.970456862567568 -0.97266417 -0.975960666081081 -0.974982088108108
"25" "LAYING" "train" -0.929147371232877 -0.78494581909589 -0.816197953561644 -0.902547712465753 -0.67238425569863 -0.694100368012329 -0.890517539315068 -0.946259639315069 -0.924536860547945 -0.891308069041096 -0.932293334794521 -0.915467504246575
"26" "WALKING" "train" -0.321959549661017 -0.146702156576271 -0.33953964559322 -0.34799792561017 -0.185725832305085 -0.384445322372881 -0.368112905762712 -0.56182776559322 -0.318516813050847 -0.532999609491525 -0.587939604576271 -0.426232090508475
"26" "WALKING_UPSTAIRS" "train" -0.242820756127273 -0.185528313272727 -0.499502759272727 -0.142843838381818 -0.0439473073581818 -0.400902256363636 -0.427686570727273 -0.617112539636364 -0.342703926363636 -0.590812298 -0.598236639818182 -0.362052183090909
"26" "WALKING_DOWNSTAIRS" "train" 0.022800096142 -0.006237000044 -0.2796400557 0.22678384386 -0.078283777824 -0.3466485178 -0.12591815458 -0.44312621 -0.22138882542 -0.3981998635 -0.4975063388 -0.434482187
"26" "SITTING" "train" -0.982579546025641 -0.954299410641026 -0.967519149358974 -0.978755176794872 -0.937783538974359 -0.94478134025641 -0.990144882307692 -0.981740793333333 -0.970423693717949 -0.991318436410256 -0.969488188974359 -0.968266666923077
"26" "STANDING" "train" -0.991993372297297 -0.958402317837838 -0.97321515527027 -0.993702408378378 -0.947829677432432 -0.960027795540541 -0.969364268513514 -0.98388591027027 -0.974459323783784 -0.975321645675676 -0.981740873108108 -0.977351005
"26" "LAYING" "train" -0.973262289210526 -0.983664034342105 -0.984923123552632 -0.967971891447368 -0.983317083947368 -0.984854487894737 -0.988386324868421 -0.983127999342105 -0.970171219605263 -0.990970119605263 -0.977491843421053 -0.971789046710526
"27" "WALKING" "train" -0.308702374385965 -0.13678354122807 -0.312372595438596 -0.365256349298246 -0.267741550175439 -0.345515217192982 -0.498017935263158 -0.534724231403509 -0.318182379824561 -0.642349125614035 -0.530943838421053 -0.297847512280702
"27" "WALKING_UPSTAIRS" "train" -0.417607401176471 -0.249688517843137 -0.418886395098039 -0.253504065686275 -0.0794059822941176 -0.197338870980392 -0.544369229411765 -0.594092579607843 -0.400528455490196 -0.574254281745098 -0.587869474313725 -0.183508696647059
"27" "WALKING_DOWNSTAIRS" "train" 0.0829831545090909 -0.0626729573068182 -0.241600361090909 0.194912716568182 -0.17564706475 -0.303090701863636 -0.2966286115 -0.402132810611364 -0.144904904113636 -0.390968436431818 -0.543033246590909 -0.367816046590909
"27" "SITTING" "train" -0.988682108428571 -0.974057855571429 -0.974665817 -0.988659196428571 -0.971266062714286 -0.963220672571429 -0.987207904714286 -0.984141119142857 -0.976848134285714 -0.988984618428571 -0.981037690285714 -0.977595519142857
"27" "STANDING" "train" -0.99012181225 -0.961356141125 -0.97414624525 -0.99287582525 -0.954381606375 -0.958924794125 -0.970149628875 -0.983731873 -0.980862493125 -0.970221836375 -0.98185775725 -0.983105048875
"27" "LAYING" "train" -0.980631846891892 -0.982915951891892 -0.987356589864865 -0.977615702567568 -0.984269087972973 -0.986582387972973 -0.987028539054054 -0.986795837297297 -0.979202019189189 -0.989382328918919 -0.983052318513513 -0.980096438108108
"28" "WALKING" "train" -0.280062182962963 -0.127912276044444 -0.356337638518519 -0.298832423148148 -0.168789019540741 -0.326046195925926 -0.374681071666667 -0.50468173962963 -0.255029045018519 -0.545480217777778 -0.497470739444444 -0.308243390425926
"28" "WALKING_UPSTAIRS" "train" -0.266101343372549 -0.190589069119608 -0.401732939215686 -0.233726643921569 -0.178554981115686 -0.281685159607843 -0.403636283921569 -0.522066500784314 -0.318210999529412 -0.556383410588235 -0.459989315686274 -0.22624337505098
"28" "WALKING_DOWNSTAIRS" "train" 0.0890721752173913 0.186441733869565 -0.308161634195652 0.137797082826087 0.065301199843913 -0.416940283043478 -0.0299969963043478 -0.217100157608696 -0.184392337071739 -0.345453346086957 -0.293108364565217 -0.416505886304348
"28" "SITTING" "train" -0.979820142638889 -0.946351650416667 -0.952226786666667 -0.984956708611111 -0.939885478333333 -0.9330454775 -0.973724326388889 -0.963117633611111 -0.954180279027778 -0.98161514125 -0.953207017222222 -0.961561036111111
"28" "STANDING" "train" -0.97251980164557 -0.893430392658228 -0.934503028481013 -0.98026749 -0.87446926556962 -0.897600800886076 -0.880426103164557 -0.948160785316456 -0.926655192405063 -0.886706768227848 -0.936101609113924 -0.932039083037975
"28" "LAYING" "train" -0.9739308675 -0.958436369 -0.961115672375 -0.967324863875 -0.94200397775 -0.956770904875 -0.946804234625 -0.9658244555 -0.961164844875 -0.958092114 -0.957552988125 -0.966312024
"29" "WALKING" "train" -0.135819505761321 -0.0349642325433962 -0.279734839433962 -0.190355976849057 -0.182068539584906 -0.283348100981132 -0.431490048490566 -0.362232316226415 -0.397277495471698 -0.654313559056604 -0.0941359695075472 -0.494117483018868
"29" "WALKING_UPSTAIRS" "train" -0.109793480008163 -0.196011503540816 -0.320487882857143 -0.0790625306306122 -0.141258066657755 0.203057836877551 -0.260519290404082 -0.39404534122449 -0.34170013244898 -0.350338205020408 0.234346783653061 -0.444153056530612
"29" "WALKING_DOWNSTAIRS" "train" 0.110663200244167 -0.02122937175 -0.266692150208333 0.187438624270833 -0.239349053641667 -0.262073242045833 -0.18941800145 -0.463125032083333 -0.199225894479167 -0.319123137947917 -0.354872689583333 -0.416165845833333
"29" "SITTING" "train" -0.991093963666667 -0.969609501666667 -0.975623030833333 -0.990617521 -0.961693949333333 -0.965800974333333 -0.988393569 -0.990329245333333 -0.9739335945 -0.990727755166667 -0.987259808666667 -0.972912517166667
"29" "STANDING" "train" -0.995024039692308 -0.973345770461538 -0.984096024769231 -0.996604570307692 -0.968278553076923 -0.978802973692308 -0.974485449538462 -0.991586674 -0.983654714461538 -0.979162564923077 -0.989643721230769 -0.984714226461538
"29" "LAYING" "train" -0.986626999275362 -0.989034304057971 -0.989473926666667 -0.983432309130435 -0.990680395362319 -0.986378776086957 -0.99312260884058 -0.993696336521739 -0.976184322608696 -0.994652185217391 -0.992240785652174 -0.976858964492754
"30" "WALKING" "train" -0.351402910907692 -0.193856663907692 -0.309558882615385 -0.344928112461538 -0.215634315369231 -0.0931447617846154 -0.374440300461538 -0.175900924040154 -0.247350343692308 -0.399032346 0.0955456046230769 -0.237941473615385
"30" "WALKING_UPSTAIRS" "train" -0.420402828153846 -0.297813768569231 -0.36751984 -0.326260358153846 -0.104299180318462 0.121447414920923 -0.488039003123077 -0.366058433230769 -0.318937001538462 -0.503484236964615 0.0449545535584615 -0.253427074984615
"30" "WALKING_DOWNSTAIRS" "train" -0.106966957087097 -0.0216637054241935 -0.25806736666129 -0.0405257091567742 -0.0934682613774194 -0.257393372287097 -0.263061628069355 -0.348065119677419 -0.263720763854839 -0.278386596338226 -0.255732054951613 -0.371541476129032
"30" "SITTING" "train" -0.985008785 -0.954076042258065 -0.966274090645161 -0.983231005483871 -0.933992577903226 -0.946203823387097 -0.987034626451613 -0.982005883387097 -0.961177109516129 -0.988484803225806 -0.973804950806452 -0.95730868516129
"30" "STANDING" "train" -0.972014050847458 -0.919475121186441 -0.938089774915254 -0.980426575762712 -0.885572781694915 -0.907286793050847 -0.915742855084746 -0.945628836949153 -0.937798124576271 -0.911718163220339 -0.939469774067797 -0.935176884915254
"30" "LAYING" "train" -0.974789999285714 -0.959974274571429 -0.970321991714286 -0.977045260571429 -0.9535584 -0.967188198571429 -0.971789052714286 -0.968170332428571 -0.967577361142857 -0.974488400714286 -0.965134152428571 -0.972199238
